web1,./web1/index.html
web2,./web2/index.html
